0 35 13 34 6 34 
35 0 12 36 39 19 
13 12 0 21 19 20 
34 36 21 0 47 49 
6 39 19 47 0 23 
34 19 20 49 23 0